967
1619
2125
2219
3149
3864
4354
4403
5823
6348
7086
7552
8686
10116
12644
12805
13711
13945
14501
14654
15148
15619
15937
17117
19011
19935
20124
20573
21009
21689
22221
27293
495
716
725
731
1034
1447
1579
2705
2998
3507
3573
3672
4505
5564
5612
5843
6874
7034
7234
8064
8148
8372
9112
10565
11692
13039
13415
13620
14587
15588
16532
18531
2515
2000
5435
1319
6842
2497
185
546
1108
4173
461
405
7433
3366
7637
1697
3371
20825
6670
273
8438
2640
3440
1537
2131
2935
2585
4538
88
4152
6476
7637
196
1403
574
3602
4918
6924
3919
7728
1805
3980
8856
2671
2313
4855
1072
2281
2576
10150
8904
3493
8783
1014
11258
9825
12127
6101
5461
11656
5911
15495
11983
13360
2134
336
2788
2829
6058
378
3814
149
1633
6623
3385
518
5882
10615
1139
3953
185
1714
1633
7619
10140
10441
2185
1540
2121
9339
617
21299
1065
7413
14812
12858
619
3123
7616
2525
14368
4894
538
1528
13761
1171
357
19845
5828
352
2215
567
11188
3103
469
2437
1921
233
12682
19096
4721
4029
2099
717
7288
1562
24017
17560
